CTA
father :0.9333333333333333
child :0.0
miss :0.13333333333333333
reduntant :0.16666666666666666

